1 : 49.2622862226, -122.920346717
2 : 49.2628916127, -122.914482463
3 : 49.2591161426, -122.878311978
4 : 49.2624638509, -122.909828612
5 : 49.260058898, -122.941264118
6 : 49.272535202, -122.964613089
7 : 49.2724456172, -122.962869637
8 : 49.2803875796, -122.957161068
9 : 49.25629118, -122.945637759
10 : 49.2799031696, -122.928574976
11 : 49.2790830968, -122.930748609
12 : 49.2796069949, -122.926556344
13 : 49.2796246514, -122.923160375
14 : 49.2757662156, -122.915988273
15 : 49.2643799989, -122.924207314
16 : 49.271545378, -122.939675201
17 : 49.2526162982, -122.904289417
18 : 49.2522478819, -122.902470599
19 : 49.2640006391, -122.924235217
20 : 49.2600520274, -122.940704052
21 : 49.2571383517, -122.948675621
22 : 49.269288832, -122.948487735
23 : 49.2551877705, -122.909770629
24 : 49.2574725131, -122.908329846
25 : 49.2635375934, -122.907939346
26 : 49.2606469905, -122.902702495
27 : 49.2626639029, -122.874333327
28 : 49.2770917789, -122.946579336
29 : 49.2659757053, -122.943494151
30 : 49.262407142, -122.911875401
31 : 49.2715703771, -122.950742387
32 : 49.2707685467, -122.95010117
33 : 49.2658624686, -122.903188261
34 : 49.2649747787, -122.902768002
35 : 49.2759130667, -122.904722866
36 : 49.2750472656, -122.906196177
37 : 49.2762468055, -122.905428984
38 : 49.2586368044, -122.90636327
39 : 49.2571556061, -122.945497051
40 : 49.2686653276, -122.946381086
41 : 49.2686413418, -122.946297473
42 : 49.2569521205, -122.909598157
43 : 49.2556407148, -122.908946452
44 : 49.2578053014, -122.911173372
45 : 49.2569211118, -122.909836508
46 : 49.2623730292, -122.910683742
47 : 49.2561428955, -122.945650268
48 : 49.2572313226, -122.875784643
49 : 49.2581424273, -122.875764499
50 : 49.2563052429, -122.943430661
51 : 49.276078394, -122.963343593
52 : 49.2544353222, -122.904672187
53 : 49.2543009605, -122.904259431
54 : 49.2538715002, -122.904174072
55 : 49.2538328438, -122.904428032
56 : 49.2538071525, -122.90334455
57 : 49.2766342483, -122.963345674
58 : 49.254024715, -122.903172056
59 : 49.2485292501, -122.897649196
60 : 49.2599615961, -122.90889622
61 : 49.2576286145, -122.911987419
62 : 49.2461382232, -122.914290297
63 : 49.2600449188, -122.908723059
64 : 49.2755469865, -122.866747208
65 : 49.2644057338, -122.878581161
66 : 49.2885360298, -122.948984554
67 : 49.2782312352, -122.869096138
68 : 49.2782758056, -122.867217044
69 : 49.2902123743, -122.931881396
70 : 49.2896791527, -122.941853021
71 : 49.2886795099, -122.941797992
72 : 49.270837752, -122.876801553
73 : 49.2708227008, -122.874445824
74 : 49.2699074002, -122.876840843
75 : 49.2692485522, -122.87689208
76 : 49.268202596, -122.876921288
77 : 49.2681992719, -122.874814992
78 : 49.2690447517, -122.874769014
79 : 49.2689779443, -122.873924297
80 : 49.2691168478, -122.87539214
81 : 49.2508950807, -122.935282029
82 : 49.2789367015, -122.958194965
83 : 49.2812832851, -122.927342755
84 : 49.2791629746, -122.923555225
85 : 49.2742807492, -122.912994967
86 : 49.2735201138, -122.909583879
87 : 49.2481649262, -122.937545901
88 : 49.2468413407, -122.937664839
89 : 49.2481204181, -122.906814421
90 : 49.2641086726, -122.915554259
91 : 49.2617801451, -122.909798593
92 : 49.2825532557, -122.978138954
93 : 49.2638928252, -122.917615804
94 : 49.2679642029, -122.952648929
95 : 49.2446486378, -122.892655359
96 : 49.2758641632, -122.893676572
97 : 49.2704132551, -122.893430158
98 : 49.2525678479, -122.898619551
99 : 49.261770509, -122.87434269
100 : 49.2471114659, -122.906501225
101 : 49.2825690139, -122.976707118
102 : 49.2578982953, -122.898400583
103 : 49.2464374849, -122.903012275
104 : 49.2733650228, -122.940723207
105 : 49.2791552975, -122.975559454
106 : 49.2660494382, -122.959112916
107 : 49.2599611746, -122.874391786
108 : 49.2601277323, -122.879834851
109 : 49.260340837, -122.892306291
110 : 49.2603383582, -122.891594793
111 : 49.2603477764, -122.893047716
112 : 49.2724760646, -122.87255887
113 : 49.2724925979, -122.87456003
114 : 49.2725907368, -122.877047673
115 : 49.2725988966, -122.878668732
116 : 49.2645697423, -122.878333795
117 : 49.2726126081, -122.880545026
118 : 49.2645745826, -122.878594531
119 : 49.2648842489, -122.87861766
120 : 49.2588896414, -122.898790412
121 : 49.2581884777, -122.909202573
122 : 49.2738027922, -122.87622119
123 : 49.2742819888, -122.877838066
124 : 49.268228586, -122.880249017
125 : 49.2682030298, -122.875691425
126 : 49.2681985324, -122.873887512
127 : 49.2791099011, -122.980952627
128 : 49.2725158219, -122.974927463
129 : 49.2796310124, -122.907244156
130 : 49.2788330652, -122.908854576
131 : 49.2766782451, -122.905521134
132 : 49.2561183746, -122.905748176
133 : 49.2662563873, -122.937031577
134 : 49.2622060092, -122.907997879
135 : 49.2532446177, -122.923196875
136 : 49.2541426621, -122.926131896
137 : 49.2803393314, -122.975541325
138 : 49.2511181008, -122.900742499
139 : 49.2652673186, -122.902602823
140 : 49.2453219055, -122.895418927
141 : 49.2572101027, -122.872502708
142 : 49.2635781972, -122.906590166
143 : 49.253044126, -122.921853026
144 : 49.2498434645, -122.904824666
145 : 49.2626313582, -122.909480843
146 : 49.2490042467, -122.905121012
147 : 49.2581496513, -122.877165307
148 : 49.2530809693, -122.882729141
149 : 49.2566912986, -122.882902806
150 : 49.2563530602, -122.87983457
151 : 49.2550006175, -122.888404115
152 : 49.2550193641, -122.891960776
153 : 49.258876508, -122.89188508
154 : 49.2568008373, -122.891882642
155 : 49.2709453919, -122.88485807
156 : 49.2721343949, -122.884853786
157 : 49.2636200484, -122.910880976
158 : 49.2562971082, -122.870252205
159 : 49.2582119414, -122.90615531
160 : 49.2639529358, -122.876444851
161 : 49.2586135893, -122.955966714
162 : 49.2597587603, -122.955942402
163 : 49.2752081255, -122.957646586
164 : 49.2627167899, -122.910796866
165 : 49.2418790965, -122.888086345
166 : 49.2811926126, -122.867925769
167 : 49.2658523508, -122.880132661
168 : 49.2658514855, -122.878700966
169 : 49.2541558701, -122.928778057
170 : 49.2692074224, -122.87870872
171 : 49.2585972378, -122.908911569
172 : 49.2635749377, -122.922164065
173 : 49.2567881818, -122.890630616
174 : 49.2567774691, -122.889508967
175 : 49.2601672926, -122.881483587
176 : 49.2601763903, -122.881954214
177 : 49.2886539478, -122.87185929
178 : 49.2885312708, -122.871200827
179 : 49.2888818297, -122.873039929
180 : 49.2794388637, -122.867560422
181 : 49.2832272527, -122.869403439
182 : 49.2857952102, -122.868956483
183 : 49.2812010191, -122.870234373
184 : 49.2412300634, -122.887198762
185 : 49.2737140377, -122.875924827
186 : 49.2639271422, -122.888679166
187 : 49.2657374586, -122.886572256
188 : 49.263562843, -122.868767204
189 : 49.2490020723, -122.872966663
190 : 49.2627906875, -122.912245558
191 : 49.2589092613, -122.94962657
192 : 49.2490196294, -122.894278729
193 : 49.2490916795, -122.894278027
194 : 49.2777471838, -122.90903004
195 : 49.2490553333, -122.885425263
196 : 49.2732438456, -122.880567156
197 : 49.273333911, -122.879787387
198 : 49.2579375354, -122.944797157
199 : 49.2527689972, -122.882719881
200 : 49.2527719974, -122.879832257
201 : 49.2563534212, -122.878539088
202 : 49.2642324315, -122.883587292
203 : 49.2592180785, -122.9443996
204 : 49.2657430313, -122.886297075
205 : 49.2647616715, -122.880079613
206 : 49.2855769969, -122.868266031
207 : 49.2724930347, -122.87622421
208 : 49.2735674562, -122.87543584
209 : 49.2739213743, -122.872104085
210 : 49.2620275212, -122.879954373
211 : 49.2615859996, -122.882007848
212 : 49.2582415826, -122.879813337
213 : 49.2611295102, -122.904731102
214 : 49.2597776763, -122.903330681
215 : 49.256614523, -122.906525596
216 : 49.2580615066, -122.90923576
217 : 49.2614185263, -122.909753989
218 : 49.264408562, -122.87705995
219 : 49.2481923111, -122.889640817
220 : 49.2481736413, -122.888368823
221 : 49.2698449005, -122.880784775
222 : 49.2696798251, -122.893394087
223 : 49.2657764868, -122.891175395
224 : 49.2587713304, -122.955970101
225 : 49.256275815, -122.868959551
226 : 49.257811192, -122.943930399
227 : 49.2916171656, -122.881182632
228 : 49.2917442338, -122.879874887
229 : 49.2872133657, -122.869306102
230 : 49.2862541641, -122.867697918
231 : 49.2538116164, -122.902778301
232 : 49.2721808141, -122.943820392
233 : 49.2542876712, -122.938041507
234 : 49.2541940804, -122.938044936
235 : 49.2620206486, -122.948158013
236 : 49.2695870272, -122.949189516
237 : 49.2512997893, -122.887310287
238 : 49.256100491, -122.886933246
239 : 49.2566376605, -122.879831915
240 : 49.2715544248, -122.9413607
241 : 49.2455916218, -122.914896609
242 : 49.2745106117, -122.927553748
243 : 49.2850513572, -122.868095344
244 : 49.2707034604, -122.975636538
245 : 49.2452311915, -122.912626986
246 : 49.2444307951, -122.914438163
247 : 49.2389715417, -122.892541083
248 : 49.2865636093, -122.958893216
249 : 49.2854999958, -122.958901126
250 : 49.2864311543, -122.952088068
251 : 49.2859802996, -122.950891583
252 : 49.2860172322, -122.868535967
253 : 49.2842900844, -122.976695234
254 : 49.2546530434, -122.882824076
255 : 49.275627322, -122.947926352
256 : 49.2592341114, -122.945188475
257 : 49.2356252804, -122.881918657
258 : 49.253728953, -122.887167922
259 : 49.2606467107, -122.897237251
260 : 49.2636054651, -122.877045321
261 : 49.2578727534, -122.884070837
262 : 49.2587699596, -122.884099874
263 : 49.2579143877, -122.886917309
264 : 49.2567516316, -122.886926645
265 : 49.272675493, -122.883625972
266 : 49.2677077426, -122.947144891
267 : 49.2581041977, -122.868914458
268 : 49.2572536587, -122.878516982
269 : 49.2574138222, -122.878510327
270 : 49.2446712806, -122.915570324
271 : 49.2629981242, -122.891515484
272 : 49.2669024216, -122.901820345
273 : 49.2639359055, -122.917610193
274 : 49.2808128601, -122.978168537
275 : 49.280813233, -122.976862829
276 : 49.2841989845, -122.974600929
277 : 49.2825606826, -122.974673465
278 : 49.28182297, -122.957016017
279 : 49.2818144843, -122.955181681
280 : 49.2482405759, -122.887566322
281 : 49.2899644466, -122.876674635
282 : 49.2898735481, -122.875245512
283 : 49.2682773908, -122.88156351
284 : 49.2660599288, -122.961851947
285 : 49.270806296, -122.883784554
286 : 49.2715590298, -122.883584187
287 : 49.2674269483, -122.880253471
288 : 49.2782374184, -122.961383957
289 : 49.2777935375, -122.960431773
290 : 49.2798141816, -122.962452984
291 : 49.2801731439, -122.960484696
292 : 49.2806643061, -122.928288155
293 : 49.280767291, -122.927855255
294 : 49.2912725575, -122.877550233
295 : 49.2910958085, -122.877512646
296 : 49.2893719267, -122.870150147
297 : 49.2889331698, -122.869620252
298 : 49.2773821877, -122.877228008
299 : 49.2766166254, -122.868527588
300 : 49.274948973, -122.87237423
301 : 49.2833056285, -122.867198835
302 : 49.2832157754, -122.866865388
303 : 49.2795775716, -122.866907804
304 : 49.27957202, -122.866685517
305 : 49.2752176513, -122.94481312
306 : 49.2752095188, -122.943126057
307 : 49.2421741443, -122.892601308
308 : 49.2657474848, -122.889075071
309 : 49.2743169209, -122.975616642
310 : 49.2743077708, -122.970087397
311 : 49.2742992902, -122.964624054
312 : 49.2742984348, -122.959025522
313 : 49.2734010234, -122.964618259
314 : 49.2733899962, -122.959042489
315 : 49.273410673, -122.970091039
316 : 49.2734189622, -122.975621607
317 : 49.2734213092, -122.976991517
318 : 49.2715884843, -122.970096028
319 : 49.2716027263, -122.964608159
320 : 49.2716122512, -122.975632241
321 : 49.2716192423, -122.98115854
322 : 49.280431026, -122.867788909
323 : 49.2706967777, -122.970099318
324 : 49.2706893923, -122.965764477
325 : 49.2708522481, -122.878236609
326 : 49.2697981882, -122.975637857
327 : 49.27251408, -122.979496653
328 : 49.2725133048, -122.976991614
329 : 49.2725120491, -122.97562853
330 : 49.2752085029, -122.976991828
331 : 49.2688952623, -122.970102956
332 : 49.2426146206, -122.892599282
333 : 49.2472164321, -122.889726831
334 : 49.2510532848, -122.891914637
335 : 49.2543109121, -122.891322763
336 : 49.2543720864, -122.889663363
337 : 49.2588925907, -122.893006418
338 : 49.2804953496, -122.868577643
339 : 49.2842820313, -122.975314378
340 : 49.2688998573, -122.964592677
341 : 49.2688967538, -122.962497434
342 : 49.270704533, -122.964605107
343 : 49.2706910124, -122.960188207
344 : 49.268826496, -122.959075123
345 : 49.26798189, -122.959087902
346 : 49.2697689541, -122.959050431
347 : 49.2715891068, -122.959068502
348 : 49.2724188967, -122.959041577
349 : 49.2752087863, -122.959012551
350 : 49.2760715206, -122.959004076
351 : 49.2703302018, -122.945272487
352 : 49.2801010958, -122.958950093
353 : 49.2760706469, -122.960348178
354 : 49.2760703998, -122.962419229
355 : 49.280375809, -122.95339046
356 : 49.2574746929, -122.891882831
357 : 49.2574698135, -122.890619276
358 : 49.2808031471, -122.963505598
359 : 49.2803612172, -122.963486434
360 : 49.2725032954, -122.950698914
361 : 49.2719549889, -122.949370419
362 : 49.2752029504, -122.950695933
363 : 49.2743900411, -122.947941817
364 : 49.27438415, -122.947351282
365 : 49.2733966583, -122.947949475
366 : 49.2734015761, -122.946530967
367 : 49.2715851024, -122.953496594
368 : 49.2715750928, -122.952184937
369 : 49.2689348878, -122.890049897
370 : 49.2689377129, -122.888741539
371 : 49.2679688201, -122.950803283
372 : 49.2695371718, -122.956292722
373 : 49.2679829118, -122.956312273
374 : 49.2715821613, -122.956265698
375 : 49.2628355397, -122.893127023
376 : 49.2695215871, -122.954910038
377 : 49.2733914016, -122.946012186
378 : 49.2733800157, -122.942969058
379 : 49.2733729583, -122.94217935
380 : 49.2704163505, -122.940141326
381 : 49.2508027413, -122.91901147
382 : 49.2715708439, -122.944070833
383 : 49.2715595541, -122.942718031
384 : 49.2662233757, -122.927536602
385 : 49.2663344566, -122.953377047
386 : 49.2705709632, -122.883278178
387 : 49.2703935603, -122.89030662
388 : 49.264633539, -122.92754161
389 : 49.2618513132, -122.910868241
390 : 49.2609418825, -122.914566809
391 : 49.255099088, -122.903787196
392 : 49.2513098586, -122.904283177
393 : 49.2511293265, -122.90430209
394 : 49.2777860414, -122.958982347
395 : 49.264356119, -122.959120878
396 : 49.2735408866, -122.922321701
397 : 49.2833751031, -122.955899771
398 : 49.2609252168, -122.936998903
399 : 49.2629427332, -122.893126713
400 : 49.267982831, -122.96049623
401 : 49.2656520618, -122.960515685
402 : 49.2669760246, -122.95910026
403 : 49.2669769315, -122.95644836
404 : 49.2661264921, -122.94812145
405 : 49.2673228405, -122.937058709
406 : 49.2765359745, -122.930477414
407 : 49.2679695138, -122.949552856
408 : 49.2703172829, -122.945166156
409 : 49.2612238459, -122.948173339
410 : 49.2624151219, -122.936488356
411 : 49.2625234368, -122.935544205
412 : 49.2639837837, -122.93373992
413 : 49.2631790128, -122.933728542
414 : 49.2662249075, -122.932878657
415 : 49.2656191595, -122.932896728
416 : 49.2639860612, -122.934866402
417 : 49.275201101, -122.96241845
418 : 49.2594593158, -122.886446817
419 : 49.2632520335, -122.886792662
420 : 49.2657745436, -122.885640918
421 : 49.263066603, -122.890452953
422 : 49.2807954037, -122.962429938
423 : 49.2697160992, -122.890993771
424 : 49.2701160179, -122.890991697
425 : 49.2802951725, -122.962451712
426 : 49.2643115836, -122.875234937
427 : 49.2574653551, -122.889495817
428 : 49.2574550399, -122.886920657
429 : 49.2888376211, -122.947416832
430 : 49.2752068244, -122.975613575
431 : 49.2735893621, -122.925697727
432 : 49.2508621243, -122.892877966
433 : 49.24236516, -122.892602252
434 : 49.2803732125, -122.952724041
435 : 49.2806903874, -122.958412532
436 : 49.2640014799, -122.900339235
437 : 49.2634097546, -122.901755477
438 : 49.2640769396, -122.900206413
439 : 49.2641015079, -122.900465826
440 : 49.2641784902, -122.900323285
441 : 49.2588811523, -122.897304505
442 : 49.2490166279, -122.892923252
443 : 49.2490145075, -122.892755823
444 : 49.2491112356, -122.892923785
445 : 49.2491109925, -122.892758977
446 : 49.2457850849, -122.892576514
447 : 49.2486138496, -122.897489706
448 : 49.2460466832, -122.892776001
449 : 49.2524717897, -122.912543543
450 : 49.2523163541, -122.912558007
451 : 49.272269217, -122.924323095
452 : 49.2458896388, -122.892765914
453 : 49.2459459234, -122.892593212
454 : 49.2412009942, -122.888532819
455 : 49.2426213291, -122.915081706
456 : 49.2555192839, -122.891927286
457 : 49.2589912226, -122.868902674
458 : 49.2676379026, -122.893311001
459 : 49.2691758055, -122.882320716
460 : 49.2802766534, -122.951218537
461 : 49.2486809945, -122.897255838
462 : 49.2697277364, -122.950757726
463 : 49.2671484293, -122.904208521
464 : 49.259674724, -122.964630284
465 : 49.2695520923, -122.95075828
466 : 49.2690845223, -122.880533603
467 : 49.2766395952, -122.866773711
468 : 49.2724737737, -122.871858159
469 : 49.2912959694, -122.888096078
470 : 49.2609035509, -122.941252388
471 : 49.2849785244, -122.868162122
472 : 49.2755124225, -122.869529832
473 : 49.276415517, -122.931309975
474 : 49.2758191636, -122.930010874
475 : 49.285960276, -122.975253002
476 : 49.2638405918, -122.924214228
477 : 49.2519982105, -122.926180559
478 : 49.250846348, -122.926192308
479 : 49.2737159841, -122.925620621
480 : 49.2608725708, -122.927701406
481 : 49.2448498511, -122.911107288
482 : 49.2752042566, -122.956231357
483 : 49.2609420618, -122.914384073
484 : 49.2656499835, -122.884852343
485 : 49.2863010297, -122.867388202
486 : 49.2528846707, -122.948742451
487 : 49.2698441612, -122.940580316
488 : 49.2852607355, -122.869785738
489 : 49.2707600469, -122.9488444
490 : 49.2803362231, -122.976877436
491 : 49.2481265839, -122.905113621
492 : 49.2481314003, -122.904936119
493 : 49.2484720395, -122.942147386
494 : 49.2426045248, -122.888062421
495 : 49.2425876065, -122.887164013
496 : 49.2420689297, -122.885674402
497 : 49.2571922514, -122.907037953
498 : 49.2558427119, -122.905214324
499 : 49.2591898688, -122.941401095
500 : 49.2602879054, -122.94600932
501 : 49.2600511085, -122.945663595
502 : 49.2489552766, -122.929064583
503 : 49.2575168501, -122.946738482
504 : 49.2603416308, -122.945170498
505 : 49.2577116082, -122.938035327
506 : 49.2577111924, -122.937925454
507 : 49.2803243622, -122.949878097
508 : 49.2803320718, -122.949513371
509 : 49.2813284056, -122.949546783
510 : 49.2789420207, -122.953400826
511 : 49.2789416987, -122.952113063
512 : 49.2785895018, -122.95447537
513 : 49.2785749012, -122.953415325
514 : 49.2786115338, -122.956150639
515 : 49.2794703302, -122.954469745
516 : 49.2794794823, -122.955943857
517 : 49.2803830202, -122.955945015
518 : 49.2793369019, -122.956893291
519 : 49.2763281392, -122.953441993
520 : 49.2762165041, -122.952518934
521 : 49.2760337008, -122.94907737
522 : 49.2760295088, -122.947909502
523 : 49.276087324, -122.957742825
524 : 49.2760701358, -122.956813565
525 : 49.2715868615, -122.957646408
526 : 49.2679827192, -122.957711059
527 : 49.2688487366, -122.959800545
528 : 49.2698317315, -122.877961759
529 : 49.2649763048, -122.884670875
530 : 49.2663994132, -122.890346313
531 : 49.2670200727, -122.890407756
532 : 49.2631243203, -122.889267483
533 : 49.2495965082, -122.894164572
534 : 49.2494747907, -122.893128823
535 : 49.2493858362, -122.893074343
536 : 49.2789268455, -122.912288458
537 : 49.2788323019, -122.912478923
538 : 49.2783495292, -122.912638886
539 : 49.2783055171, -122.912328457
540 : 49.2783157651, -122.91202541
541 : 49.2635684473, -122.870109209
542 : 49.2546519085, -122.879855564
543 : 49.2493813556, -122.914321863
544 : 49.283469623, -122.870181577
545 : 49.2684192229, -122.952875982
546 : 49.242913032, -122.908939979
547 : 49.2459146189, -122.912457909
548 : 49.2478995875, -122.89890409
549 : 49.2469194998, -122.899251149
550 : 49.2462456551, -122.897215403
551 : 49.2555448784, -122.902997779
552 : 49.2580614106, -122.899656318
553 : 49.2660537437, -122.960512721
554 : 49.2556507353, -122.906687393
555 : 49.2490312118, -122.907694569
556 : 49.249290987, -122.902148792
557 : 49.2857694165, -122.947636714
558 : 49.267983031, -122.961846895
559 : 49.258717301, -122.948667934
560 : 49.2671219685, -122.961851083
561 : 49.2658343879, -122.904375917
562 : 49.2702288541, -122.952042553
563 : 49.2708180491, -122.954948589
564 : 49.2686312689, -122.954835206
565 : 49.2571301855, -122.94348621
566 : 49.2599198048, -122.868894953
567 : 49.2569997639, -122.948680615
568 : 49.2653289784, -122.948015915
569 : 49.2660386564, -122.956461836
570 : 49.2898241885, -122.941090117
571 : 49.2897015398, -122.940957991
572 : 49.2661265978, -122.947997783
573 : 49.2667017536, -122.948777475
574 : 49.2803356807, -122.980945661
575 : 49.2561475981, -122.895852566
576 : 49.2552346887, -122.895872434
577 : 49.254891077, -122.948750613
578 : 49.2548882416, -122.947440327
579 : 49.2675916315, -122.949760454
580 : 49.258667234, -122.882882693
581 : 49.2674548175, -122.949381975
582 : 49.2601902701, -122.882871029
583 : 49.240102925, -122.88204904
584 : 49.2631906678, -122.887975636
585 : 49.2672434905, -122.950000445
586 : 49.2601893526, -122.883338207
587 : 49.2621233833, -122.883458319
588 : 49.2345934351, -122.878420611
589 : 49.2629494718, -122.892234571
590 : 49.2746108786, -122.884231162
591 : 49.2714302294, -122.879345168
592 : 49.2627623381, -122.883497827
593 : 49.2705633169, -122.882296153
594 : 49.2711195366, -122.881218494
595 : 49.2801806536, -122.938342481
596 : 49.2801780549, -122.938187343
597 : 49.2726003246, -122.878998454
598 : 49.2589962262, -122.916873702
599 : 49.2650721774, -122.878636616
600 : 49.2589874985, -122.91672591
601 : 49.2655702255, -122.936025787
602 : 49.2349218178, -122.877471664
603 : 49.2554652394, -122.917832292
604 : 49.2653123677, -122.935669098
605 : 49.2554280535, -122.917697392
606 : 49.261218716, -122.881206818
607 : 49.2449638091, -122.89093122
608 : 49.2611921594, -122.879914386
609 : 49.2594984899, -122.886118586
610 : 49.2455111155, -122.891791402
611 : 49.245468263, -122.889992332
612 : 49.2707234144, -122.880448104
613 : 49.2627891058, -122.881836297
614 : 49.258503736, -122.909263997
615 : 49.2636174399, -122.880043909
616 : 49.2445066297, -122.9147902
617 : 49.2745629877, -122.880670823
618 : 49.2490724351, -122.889639509
619 : 49.2567612159, -122.910418638
620 : 49.2752094893, -122.946339092
621 : 49.2887070933, -122.947419928
622 : 49.2744787727, -122.872220411
623 : 49.263596401, -122.875207546
624 : 49.2777088863, -122.866990085
625 : 49.277710823, -122.866808532
626 : 49.2568071481, -122.893008706
627 : 49.2777395843, -122.864262561
628 : 49.2752031462, -122.970086615
629 : 49.2480463734, -122.892860484
630 : 49.2480459327, -122.892688825
631 : 49.2824209315, -122.954454621
632 : 49.2824093078, -122.953372302
633 : 49.2824307249, -122.956271028
634 : 49.271587598, -122.946158449
635 : 49.2712021821, -122.946163214
636 : 49.2752066479, -122.947926553
637 : 49.2766715934, -122.86421521
638 : 49.2813700907, -122.952617294
639 : 49.2573136044, -122.955995687
640 : 49.2803353508, -122.978165296
641 : 49.244064622, -122.887023737
642 : 49.2454495689, -122.88700225
643 : 49.2426247122, -122.885172912
644 : 49.2517492743, -122.922725994
645 : 49.2697887696, -122.970099549
646 : 49.2697791708, -122.964596964
647 : 49.2691177535, -122.953528122
648 : 49.2690882035, -122.952641035
649 : 49.2493844664, -122.89293296
650 : 49.2493859426, -122.892765289
651 : 49.239692268, -122.881431192
652 : 49.2397107977, -122.881230823
653 : 49.254352926, -122.918944679
654 : 49.2543355228, -122.918808468
655 : 49.2829046623, -122.935452095
656 : 49.2775808446, -122.920260036
657 : 49.2772037552, -122.919167737
658 : 49.2768524923, -122.918033883
659 : 49.2764427693, -122.915737129
660 : 49.264782027, -122.903051549
661 : 49.2639331922, -122.914268913
662 : 49.2558399292, -122.906090946
663 : 49.2744529595, -122.949402616
664 : 49.2518683141, -122.904280257
665 : 49.2733813699, -122.953498152
666 : 49.2534733688, -122.906185569
667 : 49.250747961, -122.915203466
668 : 49.25161139, -122.915217489
669 : 49.2534918995, -122.904601882
670 : 49.2845595618, -122.958900956
671 : 49.2854244363, -122.955038077
672 : 49.2658434847, -122.949868543
673 : 49.2769121776, -122.962306369
674 : 49.2769172728, -122.960343532
675 : 49.2682624541, -122.891067852
676 : 49.24243023, -122.915014756
677 : 49.253591651, -122.909180495
678 : 49.2769066563, -122.957760538
679 : 49.276914905, -122.956743011
680 : 49.2670160073, -122.953363882
681 : 49.2592828054, -122.963059597
682 : 49.2777081834, -122.86721416
683 : 49.2635036924, -122.908422488
684 : 49.2622838817, -122.909363854
685 : 49.2626361702, -122.870144635
686 : 49.2679606436, -122.953384276
687 : 49.278705338, -122.975575058
688 : 49.280564533, -122.958709414
689 : 49.2677514247, -122.947256061
690 : 49.253722975, -122.882749195
691 : 49.2537018847, -122.879838406
692 : 49.2528364693, -122.889988837
693 : 49.2527872586, -122.887158298
694 : 49.2528426428, -122.891890927
695 : 49.2537967646, -122.892019324
696 : 49.2537886221, -122.891330284
697 : 49.2537622751, -122.889947384
698 : 49.2537413448, -122.888565495
699 : 49.2556330381, -122.88291209
700 : 49.2555986784, -122.879853709
701 : 49.2760688726, -122.909625669
702 : 49.2745751302, -122.907072856
703 : 49.2546944725, -122.885880542
704 : 49.2546831763, -122.887237149
705 : 49.2546873335, -122.888442984
706 : 49.251318336, -122.889983453
707 : 49.2519950132, -122.889987547
708 : 49.2531276205, -122.885841474
709 : 49.2519813436, -122.887171158
710 : 49.2520032616, -122.891899078
711 : 49.2520046149, -122.892915468
712 : 49.2472265003, -122.88539281
713 : 49.2481323954, -122.885410295
714 : 49.24544094, -122.885361575
715 : 49.2800841834, -122.919910969
716 : 49.2789128438, -122.920469813
717 : 49.2771137081, -122.915194991
718 : 49.2781174029, -122.920753533
719 : 49.2776341245, -122.921496167
720 : 49.2634466325, -122.883516428
721 : 49.2622124955, -122.886763506
722 : 49.2621920322, -122.884837256
723 : 49.2617840266, -122.886744175
724 : 49.2602128209, -122.884743476
725 : 49.261236891, -122.884798355
726 : 49.2833660023, -122.953533482
727 : 49.2834015028, -122.952046689
728 : 49.2833513347, -122.95164176
729 : 49.2602521387, -122.88613669
730 : 49.2594769062, -122.884154055
731 : 49.2700111989, -122.879338961
732 : 49.2612532356, -122.886456931
733 : 49.2566503015, -122.88142189
734 : 49.258255705, -122.881392278
735 : 49.266634976, -122.880187196
736 : 49.2666463547, -122.879241073
737 : 49.2637972524, -122.948100207
738 : 49.2647950041, -122.937086858
739 : 49.2647754961, -122.936082405
740 : 49.2746053035, -122.882914958
741 : 49.2719378795, -122.881355852
742 : 49.2729751151, -122.881430397
743 : 49.2745835432, -122.881537999
744 : 49.2719529426, -122.88050557
745 : 49.2518908137, -122.906194939
746 : 49.2697065624, -122.892038762
747 : 49.2701515253, -122.892068033
748 : 49.2697256952, -122.890044965
749 : 49.2697816025, -122.881555813
750 : 49.2591445231, -122.904183501
751 : 49.2684563697, -122.883112474
752 : 49.2691169996, -122.885338151
753 : 49.2691524379, -122.883164634
754 : 49.2664592661, -122.886330063
755 : 49.2665206069, -122.883742715
756 : 49.2663603458, -122.890053511
757 : 49.2671421141, -122.886361171
758 : 49.2675605788, -122.883693453
759 : 49.2629751482, -122.891812423
760 : 49.265743596, -122.891909958
761 : 49.2644752848, -122.883605326
762 : 49.2654925915, -122.883675753
763 : 49.2660968819, -122.882515303
764 : 49.266546747, -122.881965671
765 : 49.2654571102, -122.881574498
766 : 49.2654282993, -122.880110345
767 : 49.2791149163, -122.982323902
768 : 49.2782030339, -122.980960819
769 : 49.2752562425, -122.979469217
770 : 49.2453717681, -122.877050063
771 : 49.2490232831, -122.877150439
772 : 49.2695097051, -122.948493815
773 : 49.2825641046, -122.975374215
774 : 49.2648437145, -122.934170833
775 : 49.2818764728, -122.969998281
776 : 49.2803513585, -122.970027845
777 : 49.2808437148, -122.964691812
778 : 49.2803602316, -122.964668484
779 : 49.2587634402, -122.946095938
780 : 49.2639951015, -122.905735235
781 : 49.2637669256, -122.905569094
782 : 49.2564654911, -122.907988952
783 : 49.2843507659, -122.95561579
784 : 49.2621192525, -122.907422499
785 : 49.2625189919, -122.9065028
786 : 49.2644497614, -122.895345066
787 : 49.2570790089, -122.898386668
788 : 49.2563516612, -122.900035708
789 : 49.245325144, -122.894811658
790 : 49.2552203242, -122.893370485
791 : 49.255263795, -122.900895533
792 : 49.2485397446, -122.904536661
793 : 49.2599853702, -122.877093938
794 : 49.2600054423, -122.878503553
795 : 49.2618487203, -122.87847569
796 : 49.2626921869, -122.878453279
797 : 49.2598450093, -122.913004897
798 : 49.2786000134, -122.96941113
799 : 49.2786050132, -122.965837502
800 : 49.2777987629, -122.966861902
801 : 49.2769342705, -122.96687172
802 : 49.2760912024, -122.96687464
803 : 49.2761055209, -122.970078505
804 : 49.2760986501, -122.965825582
805 : 49.2790806026, -122.963465842
806 : 49.2784987137, -122.963466838
807 : 49.2791075073, -122.965832109
808 : 49.2790863356, -122.964662537
809 : 49.2583380062, -122.90656179
810 : 49.2635904688, -122.874287379
811 : 49.279822012, -122.946447656
812 : 49.2770052614, -122.953431866
813 : 49.276063443, -122.953447014
814 : 49.2646367776, -122.905744642
815 : 49.2652293723, -122.953385053
816 : 49.2528408057, -122.920600034
817 : 49.2508161732, -122.920586057
818 : 49.2453686255, -122.894413202
819 : 49.2454086663, -122.893738917
820 : 49.2633734271, -122.923468933
821 : 49.2631758888, -122.923396851
822 : 49.2781702159, -122.912668692
823 : 49.2614996721, -122.913375646
824 : 49.2734872919, -122.927364563
825 : 49.2727009142, -122.92486751
826 : 49.2506183214, -122.898649587
827 : 49.2506754527, -122.900261095
828 : 49.2631303478, -122.909509424
829 : 49.2536309909, -122.902323314
830 : 49.2437878599, -122.915487584
831 : 49.2557480526, -122.908039514
832 : 49.2561951666, -122.906289801
833 : 49.2567038323, -122.90593305
834 : 49.2725045439, -122.970093896
835 : 49.2542474095, -122.92712086
836 : 49.2642483813, -122.902725822
837 : 49.2645757082, -122.902140631
838 : 49.2482292585, -122.935307013
839 : 49.2443058665, -122.935460362
840 : 49.2861626375, -122.954383404
841 : 49.2866391795, -122.953490227
842 : 49.2866164346, -122.953322647
843 : 49.2871832444, -122.955213979
844 : 49.2803584234, -122.965821725
845 : 49.2778015482, -122.965839223
846 : 49.2751981511, -122.9658364
847 : 49.2580119821, -122.940144831
848 : 49.2651883068, -122.895934548
849 : 49.2656828323, -122.8941798
850 : 49.2499998586, -122.898664827
851 : 49.2563440623, -122.927703194
852 : 49.2548029516, -122.927711835
853 : 49.2542559722, -122.928243946
854 : 49.27246984, -122.924440339
855 : 49.2737583309, -122.923344822
856 : 49.2643011344, -122.92065261
857 : 49.2639480025, -122.877052486
858 : 49.2537225469, -122.909252821
859 : 49.2538111385, -122.908729049
860 : 49.2540080518, -122.908715929
861 : 49.2612165528, -122.948616198
862 : 49.2647400628, -122.920376156
863 : 49.2638700548, -122.920667488
864 : 49.2632592052, -122.919149999
865 : 49.2480901227, -122.878463143
866 : 49.2869122788, -122.952602157
867 : 49.2778080562, -122.962419474
868 : 49.280684701, -122.961409129
869 : 49.2802028885, -122.961413214
870 : 49.2737650229, -122.928956767
871 : 49.2746992454, -122.938312701
872 : 49.2746293032, -122.938355797
873 : 49.2794133972, -122.972491529
874 : 49.2778182456, -122.970057303
875 : 49.2777993477, -122.964639581
876 : 49.277784173, -122.957221952
877 : 49.2777597089, -122.953416658
878 : 49.2590628426, -122.893006006
879 : 49.2769519932, -122.97006855
880 : 49.265079284, -122.903835492
881 : 49.264298725, -122.904982652
882 : 49.2588022372, -122.905598015
883 : 49.2616268371, -122.933030173
884 : 49.254355511, -122.913992421
885 : 49.2896325546, -122.894304701
886 : 49.2489074626, -122.895858927
887 : 49.2489975746, -122.895859766
888 : 49.2497272641, -122.895859025
889 : 49.2663223787, -122.95081259
890 : 49.2637431236, -122.918808721
891 : 49.2643664753, -122.917577459
892 : 49.2498073729, -122.926814666
893 : 49.2897777818, -122.894311469
894 : 49.2603799268, -122.948911647
895 : 49.2578528242, -122.90566409
896 : 49.2461506406, -122.918505898
897 : 49.2483165457, -122.914259442
898 : 49.2489113661, -122.925341179
899 : 49.2508333904, -122.924094366
900 : 49.2610528749, -122.953439529
901 : 49.2507666439, -122.914250342
902 : 49.2578657015, -122.927675235
903 : 49.2608487612, -122.914555143
904 : 49.2801314938, -122.920148352
905 : 49.2752086853, -122.953450945
906 : 49.2679826237, -122.964585376
907 : 49.2577045838, -122.934869287
908 : 49.2596011429, -122.937797959
909 : 49.2594202896, -122.93476005
910 : 49.2868347501, -122.958893301
911 : 49.2567279038, -122.906583976
912 : 49.2499274675, -122.919024261
913 : 49.2577702858, -122.916751856
914 : 49.2905184269, -122.929212034
915 : 49.2909967191, -122.929844353
916 : 49.2894007953, -122.925454775
917 : 49.260844789, -122.914731262
918 : 49.257771546, -122.916890523
919 : 49.2725102693, -122.953497658
920 : 49.2370540154, -122.883909922
921 : 49.2754823862, -122.98098402
922 : 49.2824189126, -122.949406315
923 : 49.2843042565, -122.948321471
924 : 49.2752050384, -122.952173124
925 : 49.2727488442, -122.952056956
926 : 49.2751974787, -122.964627106
927 : 49.2449675752, -122.910876961
928 : 49.2448297526, -122.910751543
929 : 49.2726313135, -122.954850146
930 : 49.2715965397, -122.95495519
931 : 49.2747077631, -122.95482099
932 : 49.2506152384, -122.912705537
933 : 49.2808043479, -122.915918449
934 : 49.2802644569, -122.910552803
935 : 49.2736773186, -122.925812829
936 : 49.25339913, -122.892914116
937 : 49.2526369837, -122.918951484
938 : 49.2477390043, -122.912997163
939 : 49.2612223973, -122.945002589
940 : 49.2699239763, -122.874146359
941 : 49.2450052239, -122.894338636
942 : 49.2533390335, -122.91902437
943 : 49.2533195579, -122.918878684
944 : 49.2597640007, -122.905522871
945 : 49.2655871832, -122.906059094
946 : 49.2532025504, -122.918882333
947 : 49.2532228468, -122.919025217
948 : 49.2657101714, -122.893251875
949 : 49.2590924227, -122.877149928
950 : 49.2412413993, -122.888122238
951 : 49.255527145, -122.937974816
952 : 49.2827652429, -122.958647533
953 : 49.2831344019, -122.956723775
954 : 49.2836168156, -122.958914683
955 : 49.2534573518, -122.898631523
956 : 49.2866662308, -122.949822395
957 : 49.2866004626, -122.94854697
958 : 49.280374977, -122.951191456
959 : 49.2642059521, -122.919811196
960 : 49.2653289115, -122.948140951
961 : 49.2481103111, -122.901973517
962 : 49.247367034, -122.902849973
963 : 49.2661769789, -122.904479464
964 : 49.2570791071, -122.905794
965 : 49.2665162218, -122.90299072
966 : 49.2736236881, -122.925511304
967 : 49.2800765589, -122.950194018
968 : 49.2799968229, -122.950305091
969 : 49.2833162708, -122.952090778
970 : 49.2586945986, -122.947387696
971 : 49.2641435483, -122.922201904
972 : 49.2638711595, -122.924875818
973 : 49.2741018248, -122.943168839
974 : 49.2742716677, -122.941882349
975 : 49.274365083, -122.944608181
976 : 49.2743056438, -122.945308836
977 : 49.2631717019, -122.910670395
978 : 49.2635329024, -122.90959939
979 : 49.2579722598, -122.910145656
980 : 49.2659805823, -122.902658245
981 : 49.2464013294, -122.894955276
982 : 49.2540632191, -122.90743474
983 : 49.2536197079, -122.907739033
984 : 49.2660098573, -122.902046221
985 : 49.2668542816, -122.901179129
986 : 49.2661423303, -122.902173403
987 : 49.2623740355, -122.934248876
988 : 49.2618974075, -122.9334217
989 : 49.2480852881, -122.912883476
990 : 49.2480243769, -122.91248647
991 : 49.2702494393, -122.948403921
992 : 49.2571850746, -122.870241757
993 : 49.2589437071, -122.905316563
994 : 49.257198286, -122.908977304
995 : 49.2568668853, -122.908666936
996 : 49.2588246417, -122.909459679
997 : 49.2499204758, -122.904369005
998 : 49.2580924625, -122.870217634
999 : 49.2590227691, -122.908357044
1000 : 49.2643444765, -122.921666466

1 : 863, 864, 
2 : 90, 
3 : 949, 
4 : 145, 46, 684, 
5 : 20, 470, 504, 499, 
6 : 313, 319, 834, 7, 
7 : 6, 
8 : 279, 517, 688, 
9 : 39, 47, 50, 
10 : 292, 12, 11, 
11 : 10, 
12 : 10, 13, 84, 
13 : 12, 
14 : 658, 
15 : 19, 862, 388, 
16 : 240, 380, 104, 
17 : 664, 669, 18, 
18 : 17, 
19 : 15, 476, 971, 
20 : 5, 
21 : 559, 47, 224, 
22 : 40, 772, 
23 : 858, 554, 619, 
24 : 994, 497, 999, 
25 : 683, 814, 145, 
26 : 214, 
27 : 810, 99, 685, 796, 
28 : 620, 
29 : 41, 
30 : 164, 
31 : 368, 462, 32, 
32 : 31, 
33 : 880, 
34 : 660, 139, 984, 
35 : 934, 36, 37, 
36 : 702, 37, 35, 
37 : 131, 36, 35, 
38 : 809, 999, 882, 
39 : 503, 565, 9, 
40 : 22, 351, 41, 689, 
41 : 40, 266, 408, 29, 
42 : 43, 45, 994, 
43 : 42, 
44 : 45, 
45 : 44, 619, 42, 
46 : 4, 
47 : 233, 21, 9, 
48 : 49, 141, 268, 
49 : 48, 147, 998, 
50 : 9, 
51 : 57, 354, 
52 : 391, 669, 53, 
53 : 52, 54, 58, 
54 : 56, 53, 55, 
55 : 54, 
56 : 54, 231, 58, 
57 : 51, 673, 
58 : 231, 56, 53, 
59 : 393, 447, 548, 452, 
60 : 61, 903, 63, 
61 : 619, 913, 60, 449, 
62 : 241, 547, 938, 
63 : 437, 483, 60, 
64 : 467, 
65 : 218, 118, 
66 : 250, 
67 : 68, 
68 : 67, 180, 682, 
69 : 914, 570, 893, 
70 : 570, 
71 : 571, 
72 : 325, 73, 74, 
73 : 72, 
74 : 72, 75, 940, 528, 
75 : 74, 76, 170, 
76 : 75, 124, 125, 
77 : 78, 125, 126, 
78 : 77, 79, 80, 
79 : 78, 
80 : 78, 
81 : 478, 
82 : 876, 
83 : 292, 473, 904, 
84 : 12, 
85 : 86, 
86 : 702, 396, 85, 
87 : 838, 493, 88, 
88 : 87, 
89 : 100, 555, 491, 
90 : 661, 2, 891, 
91 : 389, 134, 823, 
92 : 274, 101, 
93 : 273, 
94 : 686, 371, 545, 
95 : 819, 332, 452, 446, 
96 : 97, 
97 : 96, 222, 
98 : 955, 826, 138, 
99 : 795, 27, 
100 : 89, 103, 
101 : 275, 92, 773, 
102 : 552, 787, 
103 : 549, 100, 
104 : 379, 16, 
105 : 687, 137, 127, 
106 : 402, 553, 395, 
107 : 793, 
108 : 794, 212, 608, 175, 
109 : 110, 111, 271, 
110 : 109, 584, 729, 878, 
111 : 109, 878, 375, 
112 : 113, 468, 
113 : 112, 207, 
114 : 115, 122, 207, 
115 : 114, 597, 591, 
116 : 599, 218, 118, 
117 : 597, 744, 196, 
118 : 65, 116, 
119 : 599, 
120 : 441, 259, 552, 
121 : 614, 
122 : 123, 114, 185, 
123 : 122, 597, 
124 : 76, 287, 466, 
125 : 76, 77, 287, 
126 : 77, 
127 : 767, 105, 574, 768, 
128 : 834, 
129 : 130, 
130 : 194, 131, 129, 
131 : 194, 37, 130, 
132 : 833, 
133 : 738, 414, 405, 
134 : 784, 836, 91, 
135 : 143, 
136 : 169, 835, 947, 
137 : 490, 105, 773, 776, 
138 : 98, 
139 : 34, 
140 : 789, 
141 : 48, 
142 : 780, 
143 : 135, 816, 644, 
144 : 555, 997, 146, 
145 : 164, 25, 4, 
146 : 144, 
147 : 49, 949, 212, 
148 : 690, 708, 199, 
149 : 699, 580, 733, 264, 
150 : 700, 201, 239, 
151 : 705, 152, 
152 : 456, 151, 695, 
153 : 337, 356, 262, 
154 : 456, 356, 173, 626, 
155 : 156, 285, 
156 : 155, 265, 
157 : 978, 
158 : 992, 201, 225, 
159 : 895, 993, 809, 
160 : 857, 
161 : 224, 681, 567, 639, 
162 : 224, 
163 : 482, 349, 348, 523, 
164 : 145, 190, 30, 
165 : 950, 494, 332, 
166 : 322, 
167 : 735, 766, 168, 
168 : 167, 599, 
169 : 234, 136, 853, 
170 : 75, 
171 : 614, 
172 : 820, 
173 : 357, 154, 174, 
174 : 427, 173, 264, 
175 : 108, 176, 734, 
176 : 175, 582, 211, 
177 : 179, 178, 
178 : 177, 282, 229, 
179 : 177, 282, 
180 : 322, 303, 68, 
181 : 182, 183, 544, 
182 : 206, 181, 229, 
183 : 544, 181, 
184 : 495, 950, 
185 : 122, 208, 298, 
186 : 187, 532, 308, 
187 : 186, 204, 308, 
188 : 541, 
189 : 771, 
190 : 164, 
191 : 559, 
192 : 442, 193, 886, 
193 : 444, 192, 533, 887, 
194 : 130, 540, 701, 131, 
195 : 713, 618, 771, 
196 : 617, 197, 117, 
197 : 196, 
198 : 203, 779, 226, 
199 : 148, 200, 
200 : 199, 691, 
201 : 150, 158, 268, 
202 : 720, 761, 529, 
203 : 198, 256, 499, 
204 : 420, 754, 187, 
205 : 766, 615, 761, 
206 : 182, 243, 252, 
207 : 114, 325, 208, 113, 
208 : 207, 185, 209, 622, 
209 : 208, 
210 : 608, 615, 587, 
211 : 176, 
212 : 108, 239, 734, 147, 
213 : 214, 
214 : 750, 26, 213, 
215 : 833, 911, 832, 
216 : 994, 
217 : 784, 
218 : 65, 116, 857, 
219 : 618, 220, 333, 
220 : 219, 
221 : 749, 
222 : 746, 97, 458, 
223 : 760, 421, 
224 : 161, 162, 21, 464, 
225 : 267, 158, 
226 : 198, 565, 
227 : 228, 469, 294, 
228 : 227, 
229 : 230, 182, 178, 
230 : 229, 301, 295, 485, 
231 : 56, 58, 
232 : 382, 379, 
233 : 853, 47, 951, 234, 
234 : 169, 567, 233, 
235 : 409, 
236 : 772, 
237 : 706, 709, 
238 : 264, 
239 : 150, 212, 733, 
240 : 16, 
241 : 616, 62, 270, 
242 : 474, 935, 870, 
243 : 206, 
244 : 323, 320, 326, 
245 : 547, 246, 
246 : 481, 616, 245, 
247 : 307, 
248 : 249, 910, 
249 : 248, 670, 840, 
250 : 251, 866, 726, 66, 
251 : 250, 727, 956, 
252 : 206, 
253 : 339, 
254 : 542, 703, 690, 699, 
255 : 522, 
256 : 203, 
257 : 307, 
258 : 693, 704, 698, 
259 : 120, 
260 : 615, 623, 857, 
261 : 262, 263, 
262 : 261, 153, 580, 
263 : 261, 428, 
264 : 238, 174, 428, 149, 
265 : 590, 741, 156, 
266 : 41, 572, 689, 
267 : 225, 457, 998, 
268 : 201, 269, 48, 
269 : 268, 
270 : 616, 830, 241, 
271 : 759, 421, 109, 
272 : 965, 
273 : 93, 891, 890, 
274 : 640, 275, 92, 
275 : 274, 490, 101, 
276 : 277, 
277 : 276, 773, 
278 : 397, 435, 279, 
279 : 631, 8, 278, 
280 : 713, 
281 : 282, 
282 : 281, 179, 178, 
283 : 755, 751, 466, 
284 : 553, 560, 
285 : 286, 155, 386, 
286 : 285, 
287 : 124, 735, 764, 125, 
288 : 289, 
289 : 867, 394, 288, 
290 : 425, 867, 291, 
291 : 869, 688, 290, 
292 : 83, 10, 293, 
293 : 292, 
294 : 295, 227, 297, 893, 
295 : 294, 230, 885, 
296 : 297, 
297 : 294, 296, 485, 
298 : 185, 
299 : 467, 
300 : 622, 
301 : 230, 302, 471, 303, 
302 : 301, 304, 485, 
303 : 304, 301, 180, 624, 
304 : 303, 625, 302, 
305 : 306, 975, 620, 
306 : 305, 
307 : 257, 928, 433, 247, 
308 : 756, 187, 186, 
309 : 310, 430, 316, 
310 : 309, 311, 628, 315, 
311 : 310, 312, 926, 313, 
312 : 311, 314, 349, 
313 : 314, 315, 311, 6, 
314 : 313, 348, 312, 
315 : 313, 316, 310, 834, 
316 : 315, 317, 309, 329, 
317 : 316, 328, 330, 
318 : 319, 320, 834, 323, 
319 : 318, 347, 6, 342, 
320 : 318, 321, 329, 244, 
321 : 320, 
322 : 338, 166, 180, 
323 : 244, 324, 318, 645, 
324 : 323, 
325 : 72, 731, 207, 
326 : 244, 645, 
327 : 328, 769, 
328 : 327, 329, 317, 
329 : 328, 316, 320, 
330 : 430, 317, 769, 
331 : 645, 
332 : 165, 95, 433, 
333 : 712, 611, 219, 
334 : 710, 706, 618, 
335 : 696, 
336 : 697, 
337 : 153, 878, 626, 
338 : 322, 
339 : 253, 475, 773, 
340 : 341, 646, 906, 
341 : 340, 
342 : 343, 319, 646, 
343 : 342, 
344 : 345, 346, 527, 
345 : 400, 526, 402, 344, 
346 : 344, 347, 646, 
347 : 346, 348, 319, 525, 
348 : 347, 314, 163, 
349 : 163, 417, 312, 350, 
350 : 349, 394, 353, 
351 : 40, 620, 408, 919, 
352 : 394, 
353 : 350, 354, 674, 
354 : 353, 417, 51, 
355 : 510, 632, 434, 517, 
356 : 357, 153, 154, 
357 : 173, 356, 427, 
358 : 359, 
359 : 358, 805, 778, 425, 
360 : 361, 362, 925, 
361 : 360, 634, 663, 
362 : 636, 924, 360, 
363 : 364, 365, 636, 
364 : 363, 
365 : 366, 634, 363, 
366 : 365, 
367 : 368, 930, 647, 919, 
368 : 367, 31, 562, 
369 : 370, 748, 
370 : 369, 
371 : 94, 407, 465, 
372 : 373, 374, 376, 
373 : 526, 686, 372, 
374 : 525, 930, 372, 482, 
375 : 589, 111, 436, 399, 
376 : 372, 563, 564, 
377 : 378, 620, 408, 
378 : 973, 377, 379, 
379 : 378, 232, 104, 
380 : 487, 16, 382, 
381 : 912, 817, 937, 
382 : 232, 383, 380, 
383 : 382, 
384 : 388, 414, 
385 : 815, 680, 889, 
386 : 593, 285, 387, 
387 : 386, 
388 : 384, 480, 15, 
389 : 91, 823, 390, 
390 : 483, 917, 389, 
391 : 52, 551, 498, 829, 
392 : 664, 393, 447, 449, 
393 : 392, 59, 450, 
394 : 350, 352, 876, 289, 
395 : 106, 
396 : 86, 479, 855, 
397 : 726, 842, 278, 
398 : 470, 480, 410, 908, 
399 : 589, 948, 438, 375, 
400 : 558, 345, 553, 
401 : 553, 
402 : 106, 345, 403, 
403 : 402, 680, 569, 
404 : 960, 572, 573, 689, 
405 : 487, 133, 
406 : 473, 719, 474, 
407 : 689, 579, 371, 
408 : 351, 41, 487, 377, 
409 : 861, 235, 939, 
410 : 398, 411, 738, 
411 : 410, 988, 413, 
412 : 413, 416, 415, 
413 : 988, 412, 411, 
414 : 415, 384, 133, 
415 : 414, 604, 412, 
416 : 412, 739, 774, 
417 : 349, 354, 926, 
418 : 609, 
419 : 721, 720, 584, 
420 : 204, 
421 : 223, 271, 532, 
422 : 425, 
423 : 746, 748, 424, 
424 : 423, 
425 : 422, 290, 359, 869, 
426 : 623, 
427 : 174, 357, 428, 
428 : 427, 263, 264, 
429 : 841, 570, 
430 : 330, 309, 628, 
431 : 935, 966, 824, 825, 
432 : 649, 650, 711, 
433 : 920, 927, 332, 307, 
434 : 958, 355, 460, 
435 : 278, 688, 841, 
436 : 437, 438, 439, 375, 
437 : 436, 439, 63, 
438 : 436, 463, 440, 399, 
439 : 437, 440, 436, 
440 : 439, 463, 438, 
441 : 120, 
442 : 192, 443, 444, 629, 
443 : 618, 442, 630, 445, 
444 : 193, 649, 445, 442, 
445 : 618, 650, 444, 443, 
446 : 607, 95, 453, 452, 
447 : 392, 59, 461, 448, 
448 : 629, 447, 452, 453, 
449 : 392, 61, 943, 450, 
450 : 932, 393, 946, 449, 
451 : 463, 825, 854, 
452 : 95, 59, 448, 446, 
453 : 610, 630, 446, 448, 
454 : 950, 
455 : 676, 481, 
456 : 152, 154, 699, 
457 : 267, 566, 949, 
458 : 746, 222, 948, 
459 : 753, 
460 : 434, 968, 
461 : 886, 887, 447, 
462 : 31, 
463 : 438, 451, 440, 
464 : 224, 
465 : 371, 
466 : 731, 749, 124, 283, 
467 : 64, 637, 299, 625, 624, 
468 : 112, 
469 : 227, 
470 : 398, 5, 939, 
471 : 301, 
472 : 622, 
473 : 474, 406, 83, 
474 : 473, 406, 242, 479, 
475 : 339, 
476 : 19, 820, 972, 
477 : 478, 
478 : 477, 81, 899, 
479 : 474, 396, 935, 966, 
480 : 398, 388, 902, 
481 : 246, 455, 927, 
482 : 905, 163, 374, 
483 : 903, 390, 823, 63, 
484 : 762, 584, 755, 
485 : 297, 230, 302, 
486 : 577, 
487 : 380, 405, 408, 
488 : 544, 
489 : 991, 
490 : 640, 275, 137, 
491 : 492, 89, 792, 
492 : 491, 
493 : 87, 
494 : 165, 495, 
495 : 184, 494, 
496 : 607, 583, 643, 
497 : 809, 24, 911, 
498 : 391, 750, 662, 
499 : 203, 5, 565, 
500 : 501, 
501 : 500, 504, 779, 
502 : 898, 
503 : 39, 
504 : 501, 5, 939, 
505 : 506, 908, 951, 847, 
506 : 505, 908, 951, 907, 
507 : 508, 967, 958, 
508 : 507, 509, 811, 
509 : 508, 638, 923, 
510 : 513, 355, 511, 
511 : 510, 
512 : 513, 514, 515, 
513 : 877, 510, 512, 
514 : 512, 
515 : 512, 516, 
516 : 515, 517, 518, 
517 : 516, 355, 8, 
518 : 516, 
519 : 813, 812, 520, 
520 : 519, 521, 
521 : 520, 522, 
522 : 877, 521, 255, 
523 : 163, 524, 678, 
524 : 523, 
525 : 347, 374, 526, 
526 : 345, 373, 525, 
527 : 344, 
528 : 74, 
529 : 202, 
530 : 531, 756, 
531 : 757, 530, 
532 : 186, 421, 584, 
533 : 534, 535, 193, 
534 : 533, 535, 
535 : 534, 649, 533, 
536 : 540, 537, 933, 934, 
537 : 536, 538, 539, 
538 : 537, 539, 
539 : 538, 537, 540, 
540 : 536, 194, 539, 
541 : 685, 810, 188, 
542 : 254, 691, 700, 
543 : 989, 897, 901, 
544 : 488, 183, 181, 
545 : 94, 
546 : 928, 
547 : 245, 927, 62, 938, 
548 : 961, 59, 549, 
549 : 548, 103, 550, 
550 : 549, 
551 : 791, 552, 391, 
552 : 120, 551, 102, 
553 : 284, 400, 401, 106, 
554 : 23, 860, 662, 
555 : 89, 144, 932, 
556 : 961, 
557 : 923, 
558 : 906, 400, 560, 
559 : 970, 191, 21, 
560 : 558, 284, 
561 : 963, 
562 : 368, 
563 : 376, 
564 : 376, 
565 : 39, 499, 226, 
566 : 457, 
567 : 234, 161, 577, 
568 : 572, 960, 737, 
569 : 403, 
570 : 70, 571, 69, 429, 
571 : 570, 71, 885, 621, 
572 : 568, 404, 266, 
573 : 404, 
574 : 640, 127, 
575 : 576, 788, 
576 : 575, 790, 791, 
577 : 486, 578, 567, 
578 : 577, 
579 : 407, 581, 585, 
580 : 582, 149, 734, 262, 
581 : 579, 
582 : 580, 176, 586, 
583 : 496, 652, 651, 
584 : 110, 484, 532, 419, 
585 : 579, 
586 : 587, 724, 582, 
587 : 586, 210, 592, 722, 
588 : 920, 
589 : 375, 759, 399, 
590 : 265, 740, 
591 : 115, 
592 : 720, 613, 587, 
593 : 612, 594, 386, 
594 : 593, 
595 : 596, 
596 : 655, 871, 595, 
597 : 115, 117, 123, 
598 : 918, 600, 917, 
599 : 116, 119, 168, 
600 : 913, 598, 903, 797, 
601 : 604, 
602 : 920, 
603 : 918, 605, 653, 
604 : 415, 601, 739, 
605 : 603, 654, 884, 913, 
606 : 608, 
607 : 610, 496, 446, 
608 : 606, 108, 210, 
609 : 729, 418, 730, 
610 : 611, 607, 453, 
611 : 610, 642, 333, 
612 : 593, 744, 731, 
613 : 592, 
614 : 996, 121, 171, 
615 : 210, 205, 260, 720, 
616 : 246, 270, 241, 
617 : 743, 196, 
618 : 219, 195, 443, 445, 334, 
619 : 45, 61, 23, 
620 : 351, 28, 305, 636, 377, 
621 : 842, 571, 
622 : 208, 300, 472, 
623 : 260, 426, 810, 
624 : 625, 467, 303, 
625 : 624, 627, 304, 467, 
626 : 154, 936, 337, 
627 : 625, 
628 : 803, 310, 846, 430, 
629 : 886, 630, 442, 448, 
630 : 629, 453, 443, 
631 : 632, 633, 726, 279, 
632 : 355, 631, 726, 922, 
633 : 631, 
634 : 361, 635, 365, 
635 : 634, 
636 : 362, 363, 620, 
637 : 467, 
638 : 509, 
639 : 161, 
640 : 274, 574, 490, 
641 : 642, 
642 : 641, 611, 714, 
643 : 496, 
644 : 143, 
645 : 326, 646, 323, 331, 
646 : 645, 346, 342, 340, 
647 : 648, 686, 367, 
648 : 647, 
649 : 432, 444, 535, 650, 
650 : 445, 432, 649, 
651 : 652, 583, 
652 : 651, 583, 
653 : 942, 654, 603, 
654 : 653, 605, 943, 
655 : 596, 
656 : 657, 718, 719, 
657 : 656, 658, 717, 
658 : 657, 659, 14, 
659 : 701, 658, 717, 
660 : 34, 880, 836, 
661 : 90, 
662 : 832, 554, 498, 
663 : 361, 
664 : 17, 745, 392, 
665 : 919, 931, 905, 
666 : 745, 669, 
667 : 901, 668, 912, 
668 : 667, 
669 : 52, 829, 17, 666, 
670 : 249, 954, 671, 
671 : 670, 
672 : 960, 
673 : 674, 57, 867, 
674 : 673, 353, 
675 : 751, 
676 : 928, 455, 
677 : 858, 
678 : 523, 679, 
679 : 678, 
680 : 385, 686, 403, 
681 : 161, 
682 : 68, 
683 : 25, 978, 828, 
684 : 4, 
685 : 541, 27, 
686 : 680, 373, 94, 647, 
687 : 105, 
688 : 952, 8, 435, 291, 
689 : 407, 404, 266, 40, 
690 : 691, 148, 254, 
691 : 690, 542, 200, 
692 : 693, 694, 707, 697, 
693 : 692, 258, 709, 708, 
694 : 710, 692, 695, 
695 : 696, 694, 152, 
696 : 695, 697, 335, 
697 : 696, 698, 692, 336, 
698 : 697, 705, 258, 
699 : 700, 149, 254, 456, 
700 : 699, 542, 150, 
701 : 659, 194, 702, 
702 : 701, 86, 36, 
703 : 254, 704, 708, 
704 : 703, 705, 258, 
705 : 704, 151, 698, 
706 : 707, 237, 334, 
707 : 706, 692, 709, 710, 
708 : 703, 148, 693, 
709 : 707, 693, 237, 
710 : 694, 707, 711, 334, 
711 : 710, 432, 936, 
712 : 333, 713, 
713 : 712, 195, 865, 280, 
714 : 642, 
715 : 716, 933, 904, 
716 : 715, 718, 904, 
717 : 659, 657, 822, 
718 : 656, 716, 719, 
719 : 406, 656, 718, 
720 : 592, 615, 202, 419, 
721 : 722, 723, 419, 
722 : 721, 725, 587, 
723 : 721, 
724 : 725, 586, 729, 
725 : 724, 722, 732, 
726 : 631, 397, 632, 727, 969, 250, 
727 : 251, 726, 728, 969, 
728 : 727, 957, 969, 
729 : 609, 724, 110, 
730 : 609, 
731 : 612, 466, 325, 
732 : 725, 
733 : 734, 149, 239, 
734 : 733, 580, 212, 175, 
735 : 736, 287, 167, 
736 : 735, 
737 : 960, 568, 
738 : 133, 410, 739, 
739 : 738, 604, 416, 
740 : 743, 742, 590, 
741 : 742, 265, 744, 
742 : 740, 741, 743, 
743 : 617, 740, 742, 
744 : 741, 117, 612, 
745 : 664, 666, 
746 : 747, 423, 222, 458, 
747 : 746, 
748 : 749, 369, 423, 
749 : 748, 221, 466, 
750 : 214, 993, 498, 
751 : 675, 753, 283, 
752 : 753, 
753 : 752, 751, 459, 
754 : 755, 756, 757, 204, 
755 : 754, 484, 283, 
756 : 754, 308, 530, 
757 : 758, 754, 531, 
758 : 757, 
759 : 760, 271, 589, 
760 : 759, 948, 223, 
761 : 762, 205, 202, 
762 : 761, 484, 765, 
763 : 764, 
764 : 763, 765, 287, 
765 : 764, 762, 766, 
766 : 765, 167, 205, 
767 : 127, 
768 : 127, 
769 : 330, 327, 921, 
770 : 771, 
771 : 770, 189, 195, 
772 : 236, 22, 991, 
773 : 137, 101, 277, 339, 
774 : 416, 
775 : 776, 
776 : 775, 874, 137, 844, 
777 : 778, 
778 : 777, 808, 844, 359, 
779 : 501, 198, 970, 
780 : 781, 142, 814, 
781 : 780, 
782 : 911, 
783 : 954, 
784 : 134, 785, 217, 
785 : 784, 
786 : 848, 
787 : 788, 102, 
788 : 575, 787, 791, 
789 : 818, 941, 140, 
790 : 576, 
791 : 788, 576, 551, 
792 : 491, 
793 : 949, 794, 107, 
794 : 795, 793, 108, 
795 : 794, 796, 99, 
796 : 795, 27, 
797 : 600, 
798 : 799, 
799 : 798, 807, 845, 
800 : 801, 874, 845, 
801 : 800, 802, 879, 
802 : 801, 803, 804, 
803 : 879, 628, 802, 
804 : 802, 845, 846, 
805 : 359, 806, 808, 
806 : 805, 
807 : 808, 844, 799, 
808 : 778, 875, 807, 805, 
809 : 38, 497, 159, 
810 : 27, 541, 623, 
811 : 508, 
812 : 519, 877, 813, 
813 : 905, 519, 812, 
814 : 880, 780, 25, 
815 : 385, 
816 : 817, 143, 
817 : 899, 381, 816, 
818 : 789, 981, 819, 
819 : 95, 818, 
820 : 476, 172, 821, 
821 : 820, 
822 : 717, 
823 : 483, 389, 91, 
824 : 872, 431, 825, 
825 : 824, 431, 451, 
826 : 98, 827, 850, 
827 : 826, 
828 : 683, 
829 : 669, 391, 955, 
830 : 270, 
831 : 832, 
832 : 831, 215, 662, 
833 : 215, 964, 132, 
834 : 315, 318, 128, 6, 
835 : 853, 852, 136, 942, 
836 : 837, 660, 134, 
837 : 836, 
838 : 87, 839, 912, 
839 : 838, 
840 : 249, 
841 : 429, 842, 843, 435, 
842 : 397, 841, 621, 
843 : 841, 
844 : 807, 776, 778, 
845 : 799, 804, 800, 875, 
846 : 926, 628, 804, 
847 : 505, 
848 : 786, 849, 
849 : 848, 948, 
850 : 826, 
851 : 951, 852, 902, 
852 : 835, 851, 853, 
853 : 233, 835, 852, 169, 
854 : 966, 451, 855, 
855 : 966, 396, 854, 
856 : 862, 863, 959, 1000, 
857 : 260, 218, 160, 
858 : 23, 677, 859, 
859 : 983, 858, 860, 
860 : 982, 554, 859, 
861 : 900, 409, 894, 
862 : 15, 891, 856, 
863 : 856, 1, 864, 
864 : 863, 1, 
865 : 713, 
866 : 250, 
867 : 673, 875, 289, 290, 
868 : 869, 
869 : 868, 425, 291, 
870 : 871, 935, 242, 
871 : 596, 870, 967, 872, 
872 : 824, 871, 968, 
873 : 874, 
874 : 776, 879, 873, 800, 
875 : 808, 926, 845, 867, 
876 : 82, 394, 877, 
877 : 522, 812, 513, 876, 
878 : 337, 110, 111, 
879 : 874, 803, 801, 
880 : 881, 660, 814, 33, 
881 : 880, 
882 : 993, 944, 38, 
883 : 988, 
884 : 605, 
885 : 295, 571, 
886 : 629, 461, 192, 887, 
887 : 461, 193, 886, 888, 
888 : 887, 
889 : 385, 
890 : 273, 
891 : 273, 90, 862, 
892 : 898, 
893 : 294, 69, 
894 : 861, 
895 : 159, 
896 : 897, 
897 : 938, 543, 896, 
898 : 892, 899, 502, 
899 : 817, 898, 478, 
900 : 861, 
901 : 667, 543, 932, 
902 : 918, 851, 480, 
903 : 483, 917, 600, 60, 
904 : 83, 716, 715, 
905 : 813, 482, 924, 665, 
906 : 558, 340, 
907 : 506, 
908 : 506, 505, 398, 909, 
909 : 908, 
910 : 248, 
911 : 782, 215, 497, 
912 : 381, 667, 838, 
913 : 600, 61, 918, 605, 
914 : 69, 915, 916, 
915 : 914, 
916 : 914, 
917 : 390, 903, 598, 
918 : 598, 603, 913, 902, 
919 : 665, 351, 367, 
920 : 433, 602, 588, 
921 : 769, 
922 : 632, 923, 
923 : 557, 509, 922, 
924 : 362, 905, 925, 
925 : 924, 360, 
926 : 417, 846, 875, 311, 
927 : 928, 547, 433, 481, 
928 : 676, 927, 546, 307, 
929 : 930, 
930 : 374, 367, 929, 
931 : 665, 
932 : 555, 989, 901, 450, 
933 : 934, 536, 715, 
934 : 933, 536, 35, 
935 : 431, 479, 242, 870, 
936 : 626, 711, 955, 
937 : 381, 946, 947, 
938 : 989, 62, 897, 547, 
939 : 409, 470, 504, 
940 : 74, 
941 : 789, 
942 : 653, 947, 943, 835, 
943 : 654, 942, 449, 946, 
944 : 882, 
945 : 963, 
946 : 450, 943, 937, 947, 
947 : 942, 136, 937, 946, 
948 : 760, 399, 458, 849, 
949 : 793, 3, 147, 457, 
950 : 184, 454, 165, 
951 : 233, 506, 505, 851, 
952 : 953, 688, 954, 
953 : 952, 
954 : 670, 783, 952, 
955 : 98, 829, 936, 
956 : 251, 
957 : 728, 
958 : 967, 434, 507, 
959 : 856, 
960 : 737, 672, 404, 568, 
961 : 556, 548, 962, 
962 : 961, 
963 : 561, 965, 945, 
964 : 833, 
965 : 986, 963, 272, 
966 : 854, 431, 855, 479, 
967 : 507, 871, 958, 968, 
968 : 967, 872, 460, 
969 : 726, 727, 728, 
970 : 559, 779, 
971 : 19, 
972 : 476, 
973 : 378, 974, 975, 
974 : 973, 
975 : 973, 305, 976, 
976 : 975, 
977 : 978, 
978 : 683, 157, 977, 
979 : 996, 
980 : 986, 
981 : 818, 
982 : 860, 
983 : 859, 
984 : 986, 34, 985, 
985 : 984, 
986 : 984, 965, 980, 
987 : 988, 
988 : 411, 413, 883, 987, 
989 : 543, 938, 990, 932, 
990 : 989, 
991 : 489, 772, 
992 : 998, 158, 
993 : 882, 159, 750, 
994 : 995, 216, 42, 24, 
995 : 994, 
996 : 999, 614, 979, 
997 : 144, 
998 : 992, 49, 267, 
999 : 38, 24, 996, 
1000 : 856, 